0.000000e+00 3.871536e+00 6.070138e+00 7.108506e+00 9.602814e+00 1.255539e+01 1.624516e+01 1.882489e+01 2.166374e+01 2.426761e+01 2.549439e+01 2.508047e+01 2.703217e+01 2.627813e+01 2.936071e+01 2.747371e+01 2.614600e+01 2.264085e+01 2.202264e+01 2.067184e+01 2.325629e+01 2.199995e+01 2.367715e+01 2.303233e+01 2.112729e+01 1.883780e+01 1.526104e+01 1.297747e+01 9.449003e+00 9.208921e+00 9.168439e+00 1.097274e+01 1.199770e+01 1.415574e+01 1.710148e+01 1.769206e+01 1.991820e+01 1.843700e+01 1.486328e+01 1.420539e+01 1.324120e+01 1.343505e+01 1.554339e+01 1.509986e+01 1.861471e+01 2.037937e+01 1.834935e+01 1.912279e+01 1.715709e+01 1.816786e+01 1.817661e+01 1.848200e+01 2.009230e+01 1.756942e+01 2.025797e+01 2.047731e+01 1.727809e+01 1.616936e+01 1.326686e+01 1.419156e+01 
3.871536e+00 0.000000e+00 3.879314e+00 5.836831e+00 8.059242e+00 1.165641e+01 1.494020e+01 1.781830e+01 2.087436e+01 2.349257e+01 2.455426e+01 2.454891e+01 2.648631e+01 2.609603e+01 2.932739e+01 2.777211e+01 2.632761e+01 2.311518e+01 2.231170e+01 2.034524e+01 2.250592e+01 2.085628e+01 2.221588e+01 2.160188e+01 1.924683e+01 1.688655e+01 1.310783e+01 1.155094e+01 8.408385e+00 9.761375e+00 1.023731e+01 1.301510e+01 1.440477e+01 1.709959e+01 1.968109e+01 2.005646e+01 2.176747e+01 1.997850e+01 1.627735e+01 1.518246e+01 1.328178e+01 1.250304e+01 1.387405e+01 1.258925e+01 1.606678e+01 1.816748e+01 1.630139e+01 1.777105e+01 1.654760e+01 1.825361e+01 1.883530e+01 1.894680e+01 2.090284e+01 1.862289e+01 2.102722e+01 2.057404e+01 1.718219e+01 1.604428e+01 1.291010e+01 1.277519e+01 
6.070138e+00 3.879314e+00 0.000000e+00 3.850639e+00 7.162211e+00 1.071858e+01 1.381902e+01 1.719088e+01 1.978886e+01 2.284419e+01 2.440355e+01 2.491336e+01 2.729746e+01 2.737678e+01 3.084299e+01 2.964662e+01 2.859667e+01 2.538356e+01 2.406263e+01 2.189226e+01 2.362737e+01 2.146120e+01 2.220524e+01 2.095224e+01 1.826320e+01 1.660462e+01 1.280916e+01 1.205282e+01 9.744805e+00 1.119630e+01 1.276348e+01 1.522660e+01 1.578673e+01 1.869437e+01 2.095210e+01 2.062291e+01 2.234779e+01 2.105796e+01 1.761165e+01 1.718658e+01 1.501644e+01 1.452581e+01 1.516211e+01 1.371932e+01 1.665080e+01 1.938435e+01 1.821167e+01 1.977788e+01 1.883466e+01 2.035217e+01 2.054905e+01 1.995153e+01 2.140512e+01 1.872601e+01 2.051634e+01 2.014713e+01 1.644470e+01 1.453417e+01 1.092647e+01 1.033034e+01 
7.108506e+00 5.836831e+00 3.850639e+00 0.000000e+00 3.824512e+00 7.003248e+00 1.031052e+01 1.361381e+01 1.609465e+01 1.918965e+01 2.092667e+01 2.145982e+01 2.405473e+01 2.429488e+01 2.786120e+01 2.687381e+01 2.620659e+01 2.298003e+01 2.124882e+01 1.908632e+01 2.066535e+01 1.839797e+01 1.905663e+01 1.761215e+01 1.519883e+01 1.373647e+01 1.014513e+01 9.183814e+00 7.404996e+00 8.591611e+00 1.111438e+01 1.335093e+01 1.342872e+01 1.673121e+01 1.843452e+01 1.769933e+01 1.910019e+01 1.793690e+01 1.470117e+01 1.472868e+01 1.242947e+01 1.251160e+01 1.293772e+01 1.221213e+01 1.479500e+01 1.756026e+01 1.684669e+01 1.790132e+01 1.684394e+01 1.793231e+01 1.773536e+01 1.667209e+01 1.786955e+01 1.513455e+01 1.673809e+01 1.633914e+01 1.261118e+01 1.073461e+01 7.261912e+00 7.203829e+00 
9.602814e+00 8.059242e+00 7.162211e+00 3.824512e+00 0.000000e+00 3.813644e+00 6.919806e+00 1.006501e+01 1.291198e+01 1.575229e+01 1.725066e+01 1.786771e+01 2.044833e+01 2.091440e+01 2.456447e+01 2.387845e+01 2.337083e+01 2.037693e+01 1.832762e+01 1.583994e+01 1.708611e+01 1.464127e+01 1.524607e+01 1.395888e+01 1.167505e+01 9.979023e+00 6.486314e+00 5.579395e+00 5.025155e+00 7.025798e+00 1.019177e+01 1.270057e+01 1.295999e+01 1.666739e+01 1.774601e+01 1.691342e+01 1.755622e+01 1.603856e+01 1.292164e+01 1.278692e+01 9.885948e+00 9.825672e+00 9.606170e+00 9.280771e+00 1.145903e+01 1.422636e+01 1.397995e+01 1.483683e+01 1.410435e+01 1.522530e+01 1.518110e+01 1.382429e+01 1.527606e+01 1.303162e+01 1.452069e+01 1.342283e+01 9.809699e+00 8.702140e+00 6.101352e+00 5.771683e+00 
1.255539e+01 1.165641e+01 1.071858e+01 7.003248e+00 3.813644e+00 0.000000e+00 3.832796e+00 6.683970e+00 9.265721e+00 1.220132e+01 1.405628e+01 1.479892e+01 1.774616e+01 1.853002e+01 2.228451e+01 2.195852e+01 2.202698e+01 1.913485e+01 1.652124e+01 1.411089e+01 1.495991e+01 1.234660e+01 1.267381e+01 1.098828e+01 9.316107e+00 8.244604e+00 5.929454e+00 5.072012e+00 6.374864e+00 7.303084e+00 1.106549e+01 1.286952e+01 1.243258e+01 1.626285e+01 1.650505e+01 1.510042e+01 1.514275e+01 1.391502e+01 1.142884e+01 1.204448e+01 9.255119e+00 1.009992e+01 9.431534e+00 1.025591e+01 1.146055e+01 1.402819e+01 1.450619e+01 1.461072e+01 1.383728e+01 1.423641e+01 1.357990e+01 1.140494e+01 1.231161e+01 1.011615e+01 1.105706e+01 9.740595e+00 6.065451e+00 5.341738e+00 4.276687e+00 5.077285e+00 
1.624516e+01 1.494020e+01 1.381902e+01 1.031052e+01 6.919806e+00 3.832796e+00 0.000000e+00 3.822030e+00 6.255831e+00 9.228027e+00 1.121124e+01 1.277199e+01 1.596011e+01 1.748630e+01 2.133137e+01 2.167428e+01 2.210746e+01 1.970708e+01 1.664871e+01 1.384592e+01 1.368360e+01 1.044978e+01 9.769840e+00 7.486150e+00 5.655861e+00 5.679905e+00 5.052218e+00 6.133437e+00 9.036209e+00 1.038828e+01 1.402327e+01 1.582808e+01 1.538391e+01 1.920338e+01 1.886710e+01 1.716945e+01 1.644026e+01 1.526274e+01 1.340187e+01 1.401539e+01 1.097762e+01 1.145172e+01 9.579072e+00 1.047434e+01 1.030877e+01 1.303464e+01 1.452352e+01 1.460706e+01 1.461050e+01 1.503202e+01 1.451732e+01 1.179057e+01 1.250350e+01 1.104446e+01 1.096371e+01 8.599133e+00 5.520198e+00 5.577424e+00 6.240123e+00 5.743349e+00 
1.882489e+01 1.781830e+01 1.719088e+01 1.361381e+01 1.006501e+01 6.683970e+00 3.822030e+00 0.000000e+00 3.857729e+00 5.734166e+00 7.507590e+00 9.036633e+00 1.239261e+01 1.421461e+01 1.804731e+01 1.877836e+01 1.966068e+01 1.760072e+01 1.418062e+01 1.147051e+01 1.072891e+01 7.539527e+00 6.783916e+00 4.701435e+00 5.111042e+00 5.317088e+00 6.851302e+00 7.308162e+00 1.066466e+01 1.143251e+01 1.477976e+01 1.615343e+01 1.566226e+01 1.932572e+01 1.831482e+01 1.660116e+01 1.503715e+01 1.373913e+01 1.261463e+01 1.335834e+01 1.064563e+01 1.153134e+01 9.523043e+00 1.148169e+01 1.059515e+01 1.241320e+01 1.434758e+01 1.359621e+01 1.365667e+01 1.348878e+01 1.274992e+01 9.608943e+00 1.016231e+01 9.757178e+00 9.317415e+00 5.990300e+00 4.642209e+00 6.914072e+00 9.143183e+00 9.439973e+00 
2.166374e+01 2.087436e+01 1.978886e+01 1.609465e+01 1.291198e+01 9.265721e+00 6.255831e+00 3.857729e+00 0.000000e+00 3.859715e+00 7.273224e+00 9.528438e+00 1.329024e+01 1.560991e+01 1.928026e+01 2.045982e+01 2.194135e+01 2.005233e+01 1.636985e+01 1.412520e+01 1.291330e+01 9.929913e+00 8.233916e+00 5.050476e+00 6.450345e+00 8.446878e+00 1.030347e+01 1.105253e+01 1.419723e+01 1.452071e+01 1.799569e+01 1.886836e+01 1.772980e+01 2.117179e+01 1.968185e+01 1.734169e+01 1.551278e+01 1.506479e+01 1.475469e+01 1.620603e+01 1.398781e+01 1.527803e+01 1.334469e+01 1.522720e+01 1.399216e+01 1.579938e+01 1.803707e+01 1.712153e+01 1.714350e+01 1.649712e+01 1.519085e+01 1.159203e+01 1.090316e+01 1.044178e+01 8.509450e+00 5.432652e+00 5.346852e+00 7.073036e+00 1.021660e+01 1.074627e+01 
2.426761e+01 2.349257e+01 2.284419e+01 1.918965e+01 1.575229e+01 1.220132e+01 9.228027e+00 5.734166e+00 3.859715e+00 0.000000e+00 3.816799e+00 6.447937e+00 1.014617e+01 1.295118e+01 1.641454e+01 1.814114e+01 2.000000e+01 1.868110e+01 1.486395e+01 1.277652e+01 1.079483e+01 8.254166e+00 6.373876e+00 4.404589e+00 7.741153e+00 9.335589e+00 1.213949e+01 1.269867e+01 1.604795e+01 1.628443e+01 1.933993e+01 2.006813e+01 1.918467e+01 2.242741e+01 2.051601e+01 1.844327e+01 1.591023e+01 1.517626e+01 1.543999e+01 1.664424e+01 1.468543e+01 1.591813e+01 1.386158e+01 1.622279e+01 1.446668e+01 1.543253e+01 1.798197e+01 1.653784e+01 1.681379e+01 1.587186e+01 1.468348e+01 1.117297e+01 1.057415e+01 1.145843e+01 9.606072e+00 6.036462e+00 7.865593e+00 1.055037e+01 1.378804e+01 1.434059e+01 
2.549439e+01 2.455426e+01 2.440355e+01 2.092667e+01 1.725066e+01 1.405628e+01 1.121124e+01 7.507590e+00 7.273224e+00 3.816799e+00 0.000000e+00 3.844227e+00 6.912232e+00 1.019633e+01 1.352347e+01 1.566320e+01 1.748254e+01 1.677917e+01 1.307613e+01 1.080982e+01 7.995828e+00 5.885967e+00 4.205525e+00 4.955323e+00 8.737300e+00 9.345194e+00 1.269143e+01 1.313880e+01 1.658872e+01 1.705693e+01 1.960186e+01 2.051462e+01 2.022272e+01 2.338128e+01 2.145424e+01 1.995528e+01 1.710875e+01 1.568705e+01 1.595027e+01 1.646000e+01 1.450021e+01 1.527726e+01 1.304016e+01 1.564048e+01 1.348451e+01 1.356695e+01 1.632032e+01 1.455804e+01 1.529221e+01 1.446986e+01 1.390129e+01 1.096967e+01 1.126162e+01 1.312719e+01 1.207555e+01 8.360322e+00 1.040656e+01 1.354016e+01 1.646334e+01 1.679202e+01 
2.508047e+01 2.454891e+01 2.491336e+01 2.145982e+01 1.786771e+01 1.479892e+01 1.277199e+01 9.036633e+00 9.528438e+00 6.447937e+00 3.844227e+00 0.000000e+00 3.837615e+00 6.576622e+00 9.993332e+00 1.194393e+01 1.401411e+01 1.336184e+01 9.631630e+00 8.054237e+00 5.565451e+00 5.425177e+00 6.337686e+00 8.109101e+00 1.153864e+01 1.105141e+01 1.388797e+01 1.329509e+01 1.624568e+01 1.611193e+01 1.811320e+01 1.859667e+01 1.845326e+01 2.127078e+01 1.912253e+01 1.806728e+01 1.492855e+01 1.313765e+01 1.380769e+01 1.420608e+01 1.294315e+01 1.417253e+01 1.273150e+01 1.596848e+01 1.440977e+01 1.369711e+01 1.579934e+01 1.323962e+01 1.335241e+01 1.181832e+01 1.101851e+01 8.479912e+00 9.045991e+00 1.181330e+01 1.153213e+01 8.267803e+00 1.089523e+01 1.454543e+01 1.748486e+01 1.841730e+01 
2.703217e+01 2.648631e+01 2.729746e+01 2.405473e+01 2.044833e+01 1.774616e+01 1.596011e+01 1.239261e+01 1.329024e+01 1.014617e+01 6.912232e+00 3.837615e+00 0.000000e+00 3.821257e+00 6.690561e+00 9.289121e+00 1.145738e+01 1.179732e+01 8.595114e+00 7.534087e+00 4.605231e+00 6.622790e+00 8.375284e+00 1.116536e+01 1.441294e+01 1.335585e+01 1.618381e+01 1.538458e+01 1.807917e+01 1.798316e+01 1.931680e+01 1.979107e+01 2.015839e+01 2.267074e+01 2.052079e+01 2.006775e+01 1.679579e+01 1.454464e+01 1.531246e+01 1.505174e+01 1.415072e+01 1.500080e+01 1.379020e+01 1.710677e+01 1.549749e+01 1.381747e+01 1.570790e+01 1.271203e+01 1.305977e+01 1.148981e+01 1.137012e+01 1.000612e+01 1.123177e+01 1.451223e+01 1.477821e+01 1.181719e+01 1.436324e+01 1.807857e+01 2.079753e+01 2.165188e+01 
2.627813e+01 2.609603e+01 2.737678e+01 2.429488e+01 2.091440e+01 1.853002e+01 1.748630e+01 1.421461e+01 1.560991e+01 1.295118e+01 1.019633e+01 6.576622e+00 3.821257e+00 0.000000e+00 3.847142e+00 5.536572e+00 7.854635e+00 8.304996e+00 5.530135e+00 5.942650e+00 4.938684e+00 8.382201e+00 1.121608e+01 1.401414e+01 1.690272e+01 1.519042e+01 1.737667e+01 1.578816e+01 1.780301e+01 1.721901e+01 1.785691e+01 1.795967e+01 1.862445e+01 2.070648e+01 1.858351e+01 1.877082e+01 1.556742e+01 1.288097e+01 1.377168e+01 1.315887e+01 1.306495e+01 1.419464e+01 1.392336e+01 1.751588e+01 1.663106e+01 1.449705e+01 1.548389e+01 1.193510e+01 1.147446e+01 9.244354e+00 9.155798e+00 8.974876e+00 1.069850e+01 1.426571e+01 1.537223e+01 1.303104e+01 1.544413e+01 1.923185e+01 2.172291e+01 2.296056e+01 
2.936071e+01 2.932739e+01 3.084299e+01 2.786120e+01 2.456447e+01 2.228451e+01 2.133137e+01 1.804731e+01 1.928026e+01 1.641454e+01 1.352347e+01 9.993332e+00 6.690561e+00 3.847142e+00 0.000000e+00 3.875329e+00 6.937455e+00 8.862205e+00 7.545026e+00 9.057508e+00 8.412028e+00 1.201230e+01 1.469615e+01 1.763241e+01 2.061345e+01 1.889519e+01 2.108327e+01 1.940874e+01 2.117862e+01 2.042686e+01 2.059653e+01 2.040613e+01 2.119665e+01 2.278734e+01 2.051840e+01 2.106454e+01 1.776945e+01 1.518960e+01 1.646657e+01 1.572159e+01 1.617282e+01 1.723402e+01 1.724469e+01 2.076697e+01 1.990538e+01 1.735176e+01 1.808647e+01 1.441469e+01 1.392069e+01 1.159999e+01 1.165496e+01 1.218009e+01 1.364204e+01 1.737570e+01 1.852486e+01 1.651908e+01 1.912763e+01 2.293038e+01 2.545555e+01 2.678293e+01 
2.747371e+01 2.777211e+01 2.964662e+01 2.687381e+01 2.387845e+01 2.195852e+01 2.167428e+01 1.877836e+01 2.045982e+01 1.814114e+01 1.566320e+01 1.194393e+01 9.289121e+00 5.536572e+00 3.875329e+00 0.000000e+00 3.847204e+00 5.577405e+00 5.645301e+00 8.401114e+00 9.418461e+00 1.317288e+01 1.644763e+01 1.925076e+01 2.184404e+01 1.965026e+01 2.119638e+01 1.892035e+01 2.001532e+01 1.886903e+01 1.842019e+01 1.792036e+01 1.900157e+01 2.019412e+01 1.816210e+01 1.933461e+01 1.640121e+01 1.346956e+01 1.457761e+01 1.349473e+01 1.464813e+01 1.593091e+01 1.678234e+01 2.037655e+01 2.023378e+01 1.762307e+01 1.753233e+01 1.367478e+01 1.232360e+01 9.580301e+00 9.659512e+00 1.129529e+01 1.315543e+01 1.669543e+01 1.857584e+01 1.705955e+01 1.928493e+01 2.297762e+01 2.517132e+01 2.677330e+01 
2.614600e+01 2.632761e+01 2.859667e+01 2.620659e+01 2.337083e+01 2.202698e+01 2.210746e+01 1.966068e+01 2.194135e+01 2.000000e+01 1.748254e+01 1.401411e+01 1.145738e+01 7.854635e+00 6.937455e+00 3.847204e+00 0.000000e+00 3.889324e+00 6.094595e+00 8.297175e+00 1.008536e+01 1.377583e+01 1.738071e+01 2.039060e+01 2.246247e+01 1.972738e+01 2.082499e+01 1.837965e+01 1.902278e+01 1.814297e+01 1.706385e+01 1.695828e+01 1.878021e+01 1.995466e+01 1.860274e+01 2.032480e+01 1.793035e+01 1.452150e+01 1.474095e+01 1.272215e+01 1.381332e+01 1.446728e+01 1.570733e+01 1.902841e+01 1.929447e+01 1.635444e+01 1.556420e+01 1.178485e+01 1.036336e+01 8.286821e+00 9.643262e+00 1.223038e+01 1.488897e+01 1.800391e+01 2.040447e+01 1.879057e+01 2.037881e+01 2.388282e+01 2.555765e+01 2.694406e+01 
2.264085e+01 2.311518e+01 2.538356e+01 2.298003e+01 2.037693e+01 1.913485e+01 1.970708e+01 1.760072e+01 2.005233e+01 1.868110e+01 1.677917e+01 1.336184e+01 1.179732e+01 8.304996e+00 8.862205e+00 5.577405e+00 3.889324e+00 0.000000e+00 3.870588e+00 6.648604e+00 9.670528e+00 1.287542e+01 1.664521e+01 1.916725e+01 2.094318e+01 1.811128e+01 1.867728e+01 1.578054e+01 1.598745e+01 1.466501e+01 1.348654e+01 1.311457e+01 1.491657e+01 1.612036e+01 1.494173e+01 1.680187e+01 1.475331e+01 1.114421e+01 1.103792e+01 8.971951e+00 1.057041e+01 1.183830e+01 1.371591e+01 1.717764e+01 1.801931e+01 1.562495e+01 1.448048e+01 1.073089e+01 8.207684e+00 5.270937e+00 6.165252e+00 9.345851e+00 1.219188e+01 1.490197e+01 1.772029e+01 1.648932e+01 1.770884e+01 2.102445e+01 2.250187e+01 2.416557e+01 
2.202264e+01 2.231170e+01 2.406263e+01 2.124882e+01 1.832762e+01 1.652124e+01 1.664871e+01 1.418062e+01 1.636985e+01 1.486395e+01 1.307613e+01 9.631630e+00 8.595114e+00 5.530135e+00 7.545026e+00 5.645301e+00 6.094595e+00 3.870588e+00 0.000000e+00 3.858032e+00 6.675482e+00 9.700291e+00 1.332221e+01 1.563713e+01 1.769676e+01 1.523618e+01 1.621664e+01 1.357795e+01 1.449635e+01 1.325805e+01 1.312720e+01 1.289950e+01 1.401352e+01 1.585220e+01 1.421190e+01 1.520753e+01 1.268047e+01 9.214336e+00 9.429405e+00 8.193045e+00 9.080732e+00 1.080686e+01 1.198313e+01 1.572746e+01 1.610674e+01 1.415382e+01 1.383289e+01 1.009042e+01 7.945535e+00 4.583451e+00 4.257027e+00 6.149034e+00 8.964319e+00 1.199704e+01 1.440035e+01 1.285034e+01 1.438547e+01 1.790655e+01 1.978471e+01 2.144876e+01 
2.067184e+01 2.034524e+01 2.189226e+01 1.908632e+01 1.583994e+01 1.411089e+01 1.384592e+01 1.147051e+01 1.412520e+01 1.277652e+01 1.080982e+01 8.054237e+00 7.534087e+00 5.942650e+00 9.057508e+00 8.401114e+00 8.297175e+00 6.648604e+00 3.858032e+00 0.000000e+00 3.835673e+00 6.301676e+00 1.010489e+01 1.264264e+01 1.437955e+01 1.166601e+01 1.283514e+01 1.062424e+01 1.217633e+01 1.188163e+01 1.234509e+01 1.317397e+01 1.451863e+01 1.710893e+01 1.592541e+01 1.647933e+01 1.418958e+01 1.076189e+01 9.979604e+00 8.333503e+00 7.469912e+00 8.276233e+00 8.549199e+00 1.227991e+01 1.231731e+01 1.044080e+01 1.057332e+01 7.023482e+00 5.840775e+00 4.076212e+00 5.357115e+00 5.998408e+00 9.439988e+00 1.195621e+01 1.407769e+01 1.170212e+01 1.268004e+01 1.611613e+01 1.777465e+01 1.886460e+01 
2.325629e+01 2.250592e+01 2.362737e+01 2.066535e+01 1.708611e+01 1.495991e+01 1.368360e+01 1.072891e+01 1.291330e+01 1.079483e+01 7.995828e+00 5.565451e+00 4.605231e+00 4.938684e+00 8.412028e+00 9.418461e+00 1.008536e+01 9.670528e+00 6.675482e+00 3.835673e+00 0.000000e+00 3.847937e+00 7.297271e+00 1.044840e+01 1.274278e+01 1.057506e+01 1.282718e+01 1.168925e+01 1.416857e+01 1.448095e+01 1.555901e+01 1.662889e+01 1.763811e+01 2.043195e+01 1.897491e+01 1.896961e+01 1.630305e+01 1.335680e+01 1.299412e+01 1.186484e+01 1.037906e+01 1.062194e+01 9.466504e+00 1.286699e+01 1.171355e+01 9.791077e+00 1.124061e+01 8.177809e+00 8.670745e+00 7.858440e+00 8.822694e+00 8.141782e+00 1.077036e+01 1.348300e+01 1.465668e+01 1.157490e+01 1.299993e+01 1.654001e+01 1.856978e+01 1.919740e+01 
2.199995e+01 2.085628e+01 2.146120e+01 1.839797e+01 1.464127e+01 1.234660e+01 1.044978e+01 7.539527e+00 9.929913e+00 8.254166e+00 5.885967e+00 5.425177e+00 6.622790e+00 8.382201e+00 1.201230e+01 1.317288e+01 1.377583e+01 1.287542e+01 9.700291e+00 6.301676e+00 3.847937e+00 0.000000e+00 3.839421e+00 6.872509e+00 8.912815e+00 6.940491e+00 9.704468e+00 9.437816e+00 1.263083e+01 1.358167e+01 1.545431e+01 1.699676e+01 1.773638e+01 2.099794e+01 1.977232e+01 1.922401e+01 1.684774e+01 1.427496e+01 1.344837e+01 1.266677e+01 1.022684e+01 1.012444e+01 7.863162e+00 1.083575e+01 9.117630e+00 8.318797e+00 1.062509e+01 8.674092e+00 9.748568e+00 9.766153e+00 1.050068e+01 8.786617e+00 1.105391e+01 1.292878e+01 1.357790e+01 9.999729e+00 1.077859e+01 1.399776e+01 1.592489e+01 1.607023e+01 
2.367715e+01 2.221588e+01 2.220524e+01 1.905663e+01 1.524607e+01 1.267381e+01 9.769840e+00 6.783916e+00 8.233916e+00 6.373876e+00 4.205525e+00 6.337686e+00 8.375284e+00 1.121608e+01 1.469615e+01 1.644763e+01 1.738071e+01 1.664521e+01 1.332221e+01 1.010489e+01 7.297271e+00 3.839421e+00 0.000000e+00 3.831710e+00 6.395675e+00 6.026875e+00 9.702588e+00 1.076221e+01 1.443386e+01 1.576829e+01 1.819987e+01 1.986261e+01 2.021030e+01 2.365265e+01 2.235134e+01 2.125135e+01 1.887547e+01 1.686142e+01 1.617420e+01 1.587074e+01 1.315824e+01 1.292376e+01 9.992422e+00 1.207749e+01 9.488633e+00 9.724760e+00 1.283066e+01 1.175920e+01 1.327243e+01 1.351343e+01 1.393679e+01 1.158461e+01 1.301076e+01 1.443319e+01 1.412727e+01 1.024902e+01 1.091793e+01 1.367414e+01 1.576633e+01 1.534924e+01 
2.303233e+01 2.160188e+01 2.095224e+01 1.761215e+01 1.395888e+01 1.098828e+01 7.486150e+00 4.701435e+00 5.050476e+00 4.404589e+00 4.955323e+00 8.109101e+00 1.116536e+01 1.401414e+01 1.763241e+01 1.925076e+01 2.039060e+01 1.916725e+01 1.563713e+01 1.264264e+01 1.044840e+01 6.872509e+00 3.831710e+00 0.000000e+00 3.844713e+00 5.660649e+00 9.043180e+00 1.065088e+01 1.439202e+01 1.565494e+01 1.869208e+01 2.024475e+01 2.001939e+01 2.359500e+01 2.230754e+01 2.063387e+01 1.853102e+01 1.715272e+01 1.647249e+01 1.684437e+01 1.405624e+01 1.423878e+01 1.137906e+01 1.302316e+01 1.072309e+01 1.215924e+01 1.510709e+01 1.446262e+01 1.554176e+01 1.563423e+01 1.542094e+01 1.242804e+01 1.303391e+01 1.359651e+01 1.255768e+01 8.793637e+00 8.930721e+00 1.104726e+01 1.331026e+01 1.276235e+01 
2.112729e+01 1.924683e+01 1.826320e+01 1.519883e+01 1.167505e+01 9.316107e+00 5.655861e+00 5.111042e+00 6.450345e+00 7.741153e+00 8.737300e+00 1.153864e+01 1.441294e+01 1.690272e+01 2.061345e+01 2.184404e+01 2.246247e+01 2.094318e+01 1.769676e+01 1.437955e+01 1.274278e+01 8.912815e+00 6.395675e+00 3.844713e+00 0.000000e+00 3.871831e+00 6.557359e+00 9.284179e+00 1.297140e+01 1.494356e+01 1.814555e+01 2.021609e+01 2.018570e+01 2.396676e+01 2.325235e+01 2.163983e+01 2.014472e+01 1.869913e+01 1.730801e+01 1.741488e+01 1.413735e+01 1.372469e+01 1.057533e+01 1.115331e+01 8.964597e+00 1.151647e+01 1.433040e+01 1.463387e+01 1.591902e+01 1.672277e+01 1.686918e+01 1.414645e+01 1.509706e+01 1.486113e+01 1.414955e+01 1.075116e+01 9.419523e+00 1.040406e+01 1.162957e+01 1.010651e+01 
1.883780e+01 1.688655e+01 1.660462e+01 1.373647e+01 9.979023e+00 8.244604e+00 5.679905e+00 5.317088e+00 8.446878e+00 9.335589e+00 9.345194e+00 1.105141e+01 1.335585e+01 1.519042e+01 1.889519e+01 1.965026e+01 1.972738e+01 1.811128e+01 1.523618e+01 1.166601e+01 1.057506e+01 6.940491e+00 6.026875e+00 5.660649e+00 3.871831e+00 0.000000e+00 3.854375e+00 6.262605e+00 1.003143e+01 1.236731e+01 1.514849e+01 1.756850e+01 1.815971e+01 2.194430e+01 2.155424e+01 2.054178e+01 1.918424e+01 1.710395e+01 1.521260e+01 1.461577e+01 1.108069e+01 1.009993e+01 6.751520e+00 7.519166e+00 5.590129e+00 8.057003e+00 1.054603e+01 1.094752e+01 1.232370e+01 1.359962e+01 1.433534e+01 1.227124e+01 1.413023e+01 1.411840e+01 1.443040e+01 1.105665e+01 9.518412e+00 1.102173e+01 1.172585e+01 1.047622e+01 
1.526104e+01 1.310783e+01 1.280916e+01 1.014513e+01 6.486314e+00 5.929454e+00 5.052218e+00 6.851302e+00 1.030347e+01 1.213949e+01 1.269143e+01 1.388797e+01 1.618381e+01 1.737667e+01 2.108327e+01 2.119638e+01 2.082499e+01 1.867728e+01 1.621664e+01 1.283514e+01 1.282718e+01 9.704468e+00 9.702588e+00 9.043180e+00 6.557359e+00 3.854375e+00 0.000000e+00 3.836447e+00 7.042091e+00 9.979332e+00 1.281957e+01 1.562392e+01 1.639832e+01 2.024532e+01 2.048765e+01 1.967577e+01 1.903371e+01 1.693423e+01 1.435690e+01 1.358334e+01 9.861265e+00 8.603030e+00 5.903874e+00 5.608713e+00 5.725949e+00 8.891634e+00 1.013379e+01 1.118526e+01 1.198431e+01 1.364241e+01 1.442725e+01 1.278565e+01 1.481855e+01 1.400829e+01 1.491434e+01 1.222878e+01 9.633821e+00 1.022755e+01 9.694697e+00 8.208539e+00 
1.297747e+01 1.155094e+01 1.205282e+01 9.183814e+00 5.579395e+00 5.072012e+00 6.133437e+00 7.308162e+00 1.105253e+01 1.269867e+01 1.313880e+01 1.329509e+01 1.538458e+01 1.578816e+01 1.940874e+01 1.892035e+01 1.837965e+01 1.578054e+01 1.357795e+01 1.062424e+01 1.168925e+01 9.437816e+00 1.076221e+01 1.065088e+01 9.284179e+00 6.262605e+00 3.836447e+00 0.000000e+00 3.822934e+00 6.339773e+00 9.108581e+00 1.182604e+01 1.281219e+01 1.660928e+01 1.698396e+01 1.656925e+01 1.611988e+01 1.373166e+01 1.081884e+01 9.848950e+00 6.163440e+00 5.522893e+00 4.410343e+00 5.795792e+00 7.491828e+00 9.403146e+00 9.482835e+00 9.664898e+00 9.300424e+00 1.059566e+01 1.119017e+01 1.000822e+01 1.239886e+01 1.154055e+01 1.332447e+01 1.115321e+01 8.631189e+00 9.771499e+00 9.332746e+00 9.289049e+00 
9.449003e+00 8.408385e+00 9.744805e+00 7.404996e+00 5.025155e+00 6.374864e+00 9.036209e+00 1.066466e+01 1.419723e+01 1.604795e+01 1.658872e+01 1.624568e+01 1.807917e+01 1.780301e+01 2.117862e+01 2.001532e+01 1.902278e+01 1.598745e+01 1.449635e+01 1.217633e+01 1.416857e+01 1.263083e+01 1.443386e+01 1.439202e+01 1.297140e+01 1.003143e+01 7.042091e+00 3.822934e+00 0.000000e+00 3.843095e+00 6.068598e+00 9.268560e+00 1.077244e+01 1.439808e+01 1.557115e+01 1.571269e+01 1.605509e+01 1.360197e+01 1.006176e+01 8.704292e+00 5.596654e+00 5.129618e+00 6.375279e+00 7.116061e+00 1.012471e+01 1.165745e+01 1.045760e+01 1.076216e+01 9.440291e+00 1.079935e+01 1.139142e+01 1.111357e+01 1.357970e+01 1.222975e+01 1.473794e+01 1.342410e+01 1.068808e+01 1.125655e+01 9.927723e+00 1.042144e+01 
9.208921e+00 9.761375e+00 1.119630e+01 8.591611e+00 7.025798e+00 7.303084e+00 1.038828e+01 1.143251e+01 1.452071e+01 1.628443e+01 1.705693e+01 1.611193e+01 1.798316e+01 1.721901e+01 2.042686e+01 1.886903e+01 1.814297e+01 1.466501e+01 1.325805e+01 1.188163e+01 1.448095e+01 1.358167e+01 1.576829e+01 1.565494e+01 1.494356e+01 1.236731e+01 9.979332e+00 6.339773e+00 3.843095e+00 0.000000e+00 3.850704e+00 5.875661e+00 6.934641e+00 1.061150e+01 1.177518e+01 1.207772e+01 1.276808e+01 1.046027e+01 6.767057e+00 6.138494e+00 4.552152e+00 6.533445e+00 8.865943e+00 1.061994e+01 1.334309e+01 1.435914e+01 1.305410e+01 1.233512e+01 9.905071e+00 9.945699e+00 9.445635e+00 9.333452e+00 1.137786e+01 9.701141e+00 1.279823e+01 1.236542e+01 9.992268e+00 1.080169e+01 9.996262e+00 1.180925e+01 
9.168439e+00 1.023731e+01 1.276348e+01 1.111438e+01 1.019177e+01 1.106549e+01 1.402327e+01 1.477976e+01 1.799569e+01 1.933993e+01 1.960186e+01 1.811320e+01 1.931680e+01 1.785691e+01 2.059653e+01 1.842019e+01 1.706385e+01 1.348654e+01 1.312720e+01 1.234509e+01 1.555901e+01 1.545431e+01 1.819987e+01 1.869208e+01 1.814555e+01 1.514849e+01 1.281957e+01 9.108581e+00 6.068598e+00 3.850704e+00 0.000000e+00 3.845266e+00 6.905992e+00 9.672586e+00 1.154656e+01 1.303586e+01 1.396234e+01 1.118885e+01 7.407765e+00 5.327628e+00 5.293170e+00 6.720822e+00 1.017180e+01 1.185951e+01 1.500427e+01 1.527498e+01 1.308225e+01 1.216901e+01 9.126968e+00 9.282669e+00 9.396284e+00 1.074897e+01 1.325396e+01 1.217295e+01 1.570110e+01 1.541667e+01 1.353797e+01 1.459794e+01 1.373737e+01 1.543183e+01 
1.097274e+01 1.301510e+01 1.522660e+01 1.335093e+01 1.270057e+01 1.286952e+01 1.582808e+01 1.615343e+01 1.886836e+01 2.006813e+01 2.051462e+01 1.859667e+01 1.979107e+01 1.795967e+01 2.040613e+01 1.792036e+01 1.695828e+01 1.311457e+01 1.289950e+01 1.317397e+01 1.662889e+01 1.699676e+01 1.986261e+01 2.024475e+01 2.021609e+01 1.756850e+01 1.562392e+01 1.182604e+01 9.268560e+00 5.875661e+00 3.845266e+00 0.000000e+00 3.854309e+00 5.950970e+00 7.945964e+00 1.001551e+01 1.135706e+01 8.912587e+00 5.605223e+00 4.872389e+00 7.078619e+00 9.748020e+00 1.314170e+01 1.534204e+01 1.817542e+01 1.825464e+01 1.627291e+01 1.469186e+01 1.117925e+01 9.996962e+00 8.843993e+00 1.036276e+01 1.213535e+01 1.098657e+01 1.477542e+01 1.532238e+01 1.398279e+01 1.518616e+01 1.484179e+01 1.729148e+01 
1.199770e+01 1.440477e+01 1.578673e+01 1.342872e+01 1.295999e+01 1.243258e+01 1.538391e+01 1.566226e+01 1.772980e+01 1.918467e+01 2.022272e+01 1.845326e+01 2.015839e+01 1.862445e+01 2.119665e+01 1.900157e+01 1.878021e+01 1.491657e+01 1.401352e+01 1.451863e+01 1.763811e+01 1.773638e+01 2.021030e+01 2.001939e+01 2.018570e+01 1.815971e+01 1.639832e+01 1.281219e+01 1.077244e+01 6.934641e+00 6.905992e+00 3.854309e+00 0.000000e+00 3.876626e+00 5.291767e+00 6.507029e+00 8.592282e+00 7.328822e+00 4.883734e+00 6.752220e+00 8.868546e+00 1.217704e+01 1.500895e+01 1.735781e+01 1.984367e+01 2.032251e+01 1.890740e+01 1.721368e+01 1.384818e+01 1.208167e+01 9.806511e+00 1.017966e+01 1.069011e+01 8.724345e+00 1.233970e+01 1.375821e+01 1.252048e+01 1.341728e+01 1.344255e+01 1.653238e+01 
1.415574e+01 1.709959e+01 1.869437e+01 1.673121e+01 1.666739e+01 1.626285e+01 1.920338e+01 1.932572e+01 2.117179e+01 2.242741e+01 2.338128e+01 2.127078e+01 2.267074e+01 2.070648e+01 2.278734e+01 2.019412e+01 1.995466e+01 1.612036e+01 1.585220e+01 1.710893e+01 2.043195e+01 2.099794e+01 2.365265e+01 2.359500e+01 2.396676e+01 2.194430e+01 2.024532e+01 1.660928e+01 1.439808e+01 1.061150e+01 9.672586e+00 5.950970e+00 3.876626e+00 0.000000e+00 3.859538e+00 6.629661e+00 9.373511e+00 8.780031e+00 7.609461e+00 9.281464e+00 1.216460e+01 1.539725e+01 1.850306e+01 2.089745e+01 2.347682e+01 2.367909e+01 2.201048e+01 2.009433e+01 1.646934e+01 1.436063e+01 1.194727e+01 1.288503e+01 1.301899e+01 1.141569e+01 1.488076e+01 1.679794e+01 1.598920e+01 1.686170e+01 1.694725e+01 2.018262e+01 
1.710148e+01 1.968109e+01 2.095210e+01 1.843452e+01 1.774601e+01 1.650505e+01 1.886710e+01 1.831482e+01 1.968185e+01 2.051601e+01 2.145424e+01 1.912253e+01 2.052079e+01 1.858351e+01 2.051840e+01 1.816210e+01 1.860274e+01 1.494173e+01 1.421190e+01 1.592541e+01 1.897491e+01 1.977232e+01 2.235134e+01 2.230754e+01 2.325235e+01 2.155424e+01 2.048765e+01 1.698396e+01 1.557115e+01 1.177518e+01 1.154656e+01 7.945964e+00 5.291767e+00 3.859538e+00 0.000000e+00 3.869521e+00 5.932708e+00 6.037972e+00 6.634883e+00 9.340511e+00 1.241223e+01 1.606232e+01 1.878336e+01 2.165694e+01 2.371288e+01 2.373933e+01 2.255256e+01 2.016771e+01 1.662245e+01 1.383242e+01 1.067692e+01 1.111746e+01 1.043955e+01 9.339271e+00 1.256780e+01 1.477888e+01 1.479793e+01 1.620593e+01 1.716746e+01 2.059898e+01 
1.769206e+01 2.005646e+01 2.062291e+01 1.769933e+01 1.691342e+01 1.510042e+01 1.716945e+01 1.660116e+01 1.734169e+01 1.844327e+01 1.995528e+01 1.806728e+01 2.006775e+01 1.877082e+01 2.106454e+01 1.933461e+01 2.032480e+01 1.680187e+01 1.520753e+01 1.647933e+01 1.896961e+01 1.922401e+01 2.125135e+01 2.063387e+01 2.163983e+01 2.054178e+01 1.967577e+01 1.656925e+01 1.571269e+01 1.207772e+01 1.303586e+01 1.001551e+01 6.507029e+00 6.629661e+00 3.869521e+00 0.000000e+00 3.864102e+00 6.026062e+00 7.266339e+00 1.086075e+01 1.310895e+01 1.688153e+01 1.899397e+01 2.183228e+01 2.352815e+01 2.399940e+01 2.336475e+01 2.112208e+01 1.793826e+01 1.520009e+01 1.173355e+01 1.084448e+01 9.039918e+00 7.068748e+00 9.587074e+00 1.246122e+01 1.255267e+01 1.366922e+01 1.506551e+01 1.873155e+01 
1.991820e+01 2.176747e+01 2.234779e+01 1.910019e+01 1.755622e+01 1.514275e+01 1.644026e+01 1.503715e+01 1.551278e+01 1.591023e+01 1.710875e+01 1.492855e+01 1.679579e+01 1.556742e+01 1.776945e+01 1.640121e+01 1.793035e+01 1.475331e+01 1.268047e+01 1.418958e+01 1.630305e+01 1.684774e+01 1.887547e+01 1.853102e+01 2.014472e+01 1.918424e+01 1.903371e+01 1.611988e+01 1.605509e+01 1.276808e+01 1.396234e+01 1.135706e+01 8.592282e+00 9.373511e+00 5.932708e+00 3.864102e+00 0.000000e+00 3.863140e+00 6.846325e+00 1.045945e+01 1.256446e+01 1.636648e+01 1.805902e+01 2.128907e+01 2.244455e+01 2.258653e+01 2.236672e+01 1.973882e+01 1.679627e+01 1.366415e+01 9.905294e+00 8.500486e+00 5.978780e+00 5.434957e+00 7.655256e+00 1.020344e+01 1.139953e+01 1.344609e+01 1.565721e+01 1.909261e+01 
1.843700e+01 1.997850e+01 2.105796e+01 1.793690e+01 1.603856e+01 1.391502e+01 1.526274e+01 1.373913e+01 1.506479e+01 1.517626e+01 1.568705e+01 1.313765e+01 1.454464e+01 1.288097e+01 1.518960e+01 1.346956e+01 1.452150e+01 1.114421e+01 9.214336e+00 1.076189e+01 1.335680e+01 1.427496e+01 1.686142e+01 1.715272e+01 1.869913e+01 1.710395e+01 1.693423e+01 1.373166e+01 1.360197e+01 1.046027e+01 1.118885e+01 8.912587e+00 7.328822e+00 8.780031e+00 6.037972e+00 6.026062e+00 3.863140e+00 0.000000e+00 3.833503e+00 6.927620e+00 9.311961e+00 1.306506e+01 1.501210e+01 1.840458e+01 1.967918e+01 1.942944e+01 1.894513e+01 1.615724e+01 1.307314e+01 9.850194e+00 6.103891e+00 5.503756e+00 4.755725e+00 5.463942e+00 8.777566e+00 9.944112e+00 1.093759e+01 1.353460e+01 1.545115e+01 1.848301e+01 
1.486328e+01 1.627735e+01 1.761165e+01 1.470117e+01 1.292164e+01 1.142884e+01 1.340187e+01 1.261463e+01 1.475469e+01 1.543999e+01 1.595027e+01 1.380769e+01 1.531246e+01 1.377168e+01 1.646657e+01 1.457761e+01 1.474095e+01 1.103792e+01 9.429405e+00 9.979604e+00 1.299412e+01 1.344837e+01 1.617420e+01 1.647249e+01 1.730801e+01 1.521260e+01 1.435690e+01 1.081884e+01 1.006176e+01 6.767057e+00 7.407765e+00 5.605223e+00 4.883734e+00 7.609461e+00 6.634883e+00 7.266339e+00 6.846325e+00 3.833503e+00 0.000000e+00 3.819753e+00 6.082786e+00 9.890778e+00 1.227235e+01 1.537380e+01 1.717549e+01 1.716112e+01 1.625164e+01 1.391547e+01 1.067987e+01 8.202012e+00 5.281591e+00 5.380602e+00 6.552060e+00 6.052409e+00 9.899167e+00 1.042150e+01 1.013465e+01 1.234321e+01 1.343327e+01 1.621277e+01 
1.420539e+01 1.518246e+01 1.718658e+01 1.472868e+01 1.278692e+01 1.204448e+01 1.401539e+01 1.335834e+01 1.620603e+01 1.664424e+01 1.646000e+01 1.420608e+01 1.505174e+01 1.315887e+01 1.572159e+01 1.349473e+01 1.272215e+01 8.971951e+00 8.193045e+00 8.333503e+00 1.186484e+01 1.266677e+01 1.587074e+01 1.684437e+01 1.741488e+01 1.461577e+01 1.358334e+01 9.848950e+00 8.704292e+00 6.138494e+00 5.327628e+00 4.872389e+00 6.752220e+00 9.281464e+00 9.340511e+00 1.086075e+01 1.045945e+01 6.927620e+00 3.819753e+00 0.000000e+00 3.828884e+00 7.097149e+00 1.014758e+01 1.320964e+01 1.533686e+01 1.481378e+01 1.329715e+01 1.093138e+01 7.363601e+00 5.370717e+00 4.194985e+00 6.280529e+00 9.084147e+00 9.332176e+00 1.300742e+01 1.260677e+01 1.206610e+01 1.435754e+01 1.492407e+01 1.703882e+01 
1.324120e+01 1.328178e+01 1.501644e+01 1.242947e+01 9.885948e+00 9.255119e+00 1.097762e+01 1.064563e+01 1.398781e+01 1.468543e+01 1.450021e+01 1.294315e+01 1.415072e+01 1.306495e+01 1.617282e+01 1.464813e+01 1.381332e+01 1.057041e+01 9.080732e+00 7.469912e+00 1.037906e+01 1.022684e+01 1.315824e+01 1.405624e+01 1.413735e+01 1.108069e+01 9.861265e+00 6.163440e+00 5.596654e+00 4.552152e+00 5.293170e+00 7.078619e+00 8.868546e+00 1.216460e+01 1.241223e+01 1.310895e+01 1.256446e+01 9.311961e+00 6.082786e+00 3.828884e+00 0.000000e+00 3.827739e+00 6.481471e+00 9.514426e+00 1.162351e+01 1.152843e+01 1.030351e+01 8.541175e+00 5.792750e+00 5.549840e+00 5.853414e+00 6.486557e+00 9.719489e+00 9.695971e+00 1.283921e+01 1.153832e+01 1.033901e+01 1.251813e+01 1.280610e+01 1.424707e+01 
1.343505e+01 1.250304e+01 1.452581e+01 1.251160e+01 9.825672e+00 1.009992e+01 1.145172e+01 1.153134e+01 1.527803e+01 1.591813e+01 1.527726e+01 1.417253e+01 1.500080e+01 1.419464e+01 1.723402e+01 1.593091e+01 1.446728e+01 1.183830e+01 1.080686e+01 8.276233e+00 1.062194e+01 1.012444e+01 1.292376e+01 1.423878e+01 1.372469e+01 1.009993e+01 8.603030e+00 5.522893e+00 5.129618e+00 6.533445e+00 6.720822e+00 9.748020e+00 1.217704e+01 1.539725e+01 1.606232e+01 1.688153e+01 1.636648e+01 1.306506e+01 9.890778e+00 7.097149e+00 3.827739e+00 0.000000e+00 3.826257e+00 6.315081e+00 8.875057e+00 8.585199e+00 6.746909e+00 5.948764e+00 4.393443e+00 6.666779e+00 8.711285e+00 9.566327e+00 1.303802e+01 1.316289e+01 1.592973e+01 1.401498e+01 1.251206e+01 1.439680e+01 1.413816e+01 1.459590e+01 
1.554339e+01 1.387405e+01 1.516211e+01 1.293772e+01 9.606170e+00 9.431534e+00 9.579072e+00 9.523043e+00 1.334469e+01 1.386158e+01 1.304016e+01 1.273150e+01 1.379020e+01 1.392336e+01 1.724469e+01 1.678234e+01 1.570733e+01 1.371591e+01 1.198313e+01 8.549199e+00 9.466504e+00 7.863162e+00 9.992422e+00 1.137906e+01 1.057533e+01 6.751520e+00 5.903874e+00 4.410343e+00 6.375279e+00 8.865943e+00 1.017180e+01 1.314170e+01 1.500895e+01 1.850306e+01 1.878336e+01 1.899397e+01 1.805902e+01 1.501210e+01 1.227235e+01 1.014758e+01 6.481471e+00 3.826257e+00 0.000000e+00 3.820761e+00 5.221701e+00 5.508243e+00 5.288225e+00 5.462303e+00 6.292635e+00 8.728202e+00 1.072070e+01 1.051993e+01 1.375441e+01 1.403703e+01 1.602353e+01 1.336250e+01 1.185143e+01 1.375139e+01 1.370751e+01 1.336579e+01 
1.509986e+01 1.258925e+01 1.371932e+01 1.221213e+01 9.280771e+00 1.025591e+01 1.047434e+01 1.148169e+01 1.522720e+01 1.622279e+01 1.564048e+01 1.596848e+01 1.710677e+01 1.751588e+01 2.076697e+01 2.037655e+01 1.902841e+01 1.717764e+01 1.572746e+01 1.227991e+01 1.286699e+01 1.083575e+01 1.207749e+01 1.302316e+01 1.115331e+01 7.519166e+00 5.608713e+00 5.795792e+00 7.116061e+00 1.061994e+01 1.185951e+01 1.534204e+01 1.735781e+01 2.089745e+01 2.165694e+01 2.183228e+01 2.128907e+01 1.840458e+01 1.537380e+01 1.320964e+01 9.514426e+00 6.315081e+00 3.820761e+00 0.000000e+00 3.863137e+00 5.718775e+00 5.290604e+00 7.707720e+00 9.233781e+00 1.222562e+01 1.436984e+01 1.417436e+01 1.722404e+01 1.702887e+01 1.882764e+01 1.619129e+01 1.408453e+01 1.516910e+01 1.429705e+01 1.303580e+01 
1.861471e+01 1.606678e+01 1.665080e+01 1.479500e+01 1.145903e+01 1.146055e+01 1.030877e+01 1.059515e+01 1.399216e+01 1.446668e+01 1.348451e+01 1.440977e+01 1.549749e+01 1.663106e+01 1.990538e+01 2.023378e+01 1.929447e+01 1.801931e+01 1.610674e+01 1.231731e+01 1.171355e+01 9.117630e+00 9.488633e+00 1.072309e+01 8.964597e+00 5.590129e+00 5.725949e+00 7.491828e+00 1.012471e+01 1.334309e+01 1.500427e+01 1.817542e+01 1.984367e+01 2.347682e+01 2.371288e+01 2.352815e+01 2.244455e+01 1.967918e+01 1.717549e+01 1.533686e+01 1.162351e+01 8.875057e+00 5.221701e+00 3.863137e+00 0.000000e+00 3.889105e+00 6.146379e+00 8.247729e+00 1.077176e+01 1.346266e+01 1.554044e+01 1.479727e+01 1.762706e+01 1.788117e+01 1.904584e+01 1.585230e+01 1.424173e+01 1.563000e+01 1.540337e+01 1.377056e+01 
2.037937e+01 1.816748e+01 1.938435e+01 1.756026e+01 1.422636e+01 1.402819e+01 1.303464e+01 1.241320e+01 1.579938e+01 1.543253e+01 1.356695e+01 1.369711e+01 1.381747e+01 1.449705e+01 1.735176e+01 1.762307e+01 1.635444e+01 1.562495e+01 1.415382e+01 1.044080e+01 9.791077e+00 8.318797e+00 9.724760e+00 1.215924e+01 1.151647e+01 8.057003e+00 8.891634e+00 9.403146e+00 1.165745e+01 1.435914e+01 1.527498e+01 1.825464e+01 2.032251e+01 2.367909e+01 2.373933e+01 2.399940e+01 2.258653e+01 1.942944e+01 1.716112e+01 1.481378e+01 1.152843e+01 8.585199e+00 5.508243e+00 5.718775e+00 3.889105e+00 0.000000e+00 3.858944e+00 5.394300e+00 8.804963e+00 1.171095e+01 1.442432e+01 1.436749e+01 1.761310e+01 1.860026e+01 2.008522e+01 1.682865e+01 1.593517e+01 1.800038e+01 1.819787e+01 1.709969e+01 
1.834935e+01 1.630139e+01 1.821167e+01 1.684669e+01 1.397995e+01 1.450619e+01 1.452352e+01 1.434758e+01 1.803707e+01 1.798197e+01 1.632032e+01 1.579934e+01 1.570790e+01 1.548389e+01 1.808647e+01 1.753233e+01 1.556420e+01 1.448048e+01 1.383289e+01 1.057332e+01 1.124061e+01 1.062509e+01 1.283066e+01 1.510709e+01 1.433040e+01 1.054603e+01 1.013379e+01 9.482835e+00 1.045760e+01 1.305410e+01 1.308225e+01 1.627291e+01 1.890740e+01 2.201048e+01 2.255256e+01 2.336475e+01 2.236672e+01 1.894513e+01 1.625164e+01 1.329715e+01 1.030351e+01 6.746909e+00 5.288225e+00 5.290604e+00 6.146379e+00 3.858944e+00 0.000000e+00 3.873515e+00 6.827496e+00 1.045313e+01 1.364886e+01 1.448352e+01 1.807934e+01 1.888253e+01 2.102060e+01 1.822934e+01 1.706736e+01 1.900573e+01 1.874803e+01 1.797669e+01 
1.912279e+01 1.777105e+01 1.977788e+01 1.790132e+01 1.483683e+01 1.461072e+01 1.460706e+01 1.359621e+01 1.712153e+01 1.653784e+01 1.455804e+01 1.323962e+01 1.271203e+01 1.193510e+01 1.441469e+01 1.367478e+01 1.178485e+01 1.073089e+01 1.009042e+01 7.023482e+00 8.177809e+00 8.674092e+00 1.175920e+01 1.446262e+01 1.463387e+01 1.094752e+01 1.118526e+01 9.664898e+00 1.076216e+01 1.233512e+01 1.216901e+01 1.469186e+01 1.721368e+01 2.009433e+01 2.016771e+01 2.112208e+01 1.973882e+01 1.615724e+01 1.391547e+01 1.093138e+01 8.541175e+00 5.948764e+00 5.462303e+00 7.707720e+00 8.247729e+00 5.394300e+00 3.873515e+00 0.000000e+00 3.852110e+00 7.061075e+00 1.045279e+01 1.165500e+01 1.538489e+01 1.677930e+01 1.907272e+01 1.638511e+01 1.591377e+01 1.846683e+01 1.885482e+01 1.879109e+01 
1.715709e+01 1.654760e+01 1.883466e+01 1.684394e+01 1.410435e+01 1.383728e+01 1.461050e+01 1.365667e+01 1.714350e+01 1.681379e+01 1.529221e+01 1.335241e+01 1.305977e+01 1.147446e+01 1.392069e+01 1.232360e+01 1.036336e+01 8.207684e+00 7.945535e+00 5.840775e+00 8.670745e+00 9.748568e+00 1.327243e+01 1.554176e+01 1.591902e+01 1.232370e+01 1.198431e+01 9.300424e+00 9.440291e+00 9.905071e+00 9.126968e+00 1.117925e+01 1.384818e+01 1.646934e+01 1.662245e+01 1.793826e+01 1.679627e+01 1.307314e+01 1.067987e+01 7.363601e+00 5.792750e+00 4.393443e+00 6.292635e+00 9.233781e+00 1.077176e+01 8.804963e+00 6.827496e+00 3.852110e+00 0.000000e+00 3.832903e+00 7.351014e+00 9.380601e+00 1.321870e+01 1.449454e+01 1.733659e+01 1.528945e+01 1.484568e+01 1.745028e+01 1.785923e+01 1.852980e+01 
1.816786e+01 1.825361e+01 2.035217e+01 1.793231e+01 1.522530e+01 1.423641e+01 1.503202e+01 1.348878e+01 1.649712e+01 1.587186e+01 1.446986e+01 1.181832e+01 1.148981e+01 9.244354e+00 1.159999e+01 9.580301e+00 8.286821e+00 5.270937e+00 4.583451e+00 4.076212e+00 7.858440e+00 9.766153e+00 1.351343e+01 1.563423e+01 1.672277e+01 1.359962e+01 1.364241e+01 1.059566e+01 1.079935e+01 9.945699e+00 9.282669e+00 9.996962e+00 1.208167e+01 1.436063e+01 1.383242e+01 1.520009e+01 1.366415e+01 9.850194e+00 8.202012e+00 5.370717e+00 5.549840e+00 6.666779e+00 8.728202e+00 1.222562e+01 1.346266e+01 1.171095e+01 1.045313e+01 7.061075e+00 3.832903e+00 0.000000e+00 3.812749e+00 6.631704e+00 1.035454e+01 1.216957e+01 1.516092e+01 1.356044e+01 1.383468e+01 1.683987e+01 1.786220e+01 1.923579e+01 
1.817661e+01 1.883530e+01 2.054905e+01 1.773536e+01 1.518110e+01 1.357990e+01 1.451732e+01 1.274992e+01 1.519085e+01 1.468348e+01 1.390129e+01 1.101851e+01 1.137012e+01 9.155798e+00 1.165496e+01 9.659512e+00 9.643262e+00 6.165252e+00 4.257027e+00 5.357115e+00 8.822694e+00 1.050068e+01 1.393679e+01 1.542094e+01 1.686918e+01 1.433534e+01 1.442725e+01 1.119017e+01 1.139142e+01 9.445635e+00 9.396284e+00 8.843993e+00 9.806511e+00 1.194727e+01 1.067692e+01 1.173355e+01 9.905294e+00 6.103891e+00 5.281591e+00 4.194985e+00 5.853414e+00 8.711285e+00 1.072070e+01 1.436984e+01 1.554044e+01 1.442432e+01 1.364886e+01 1.045279e+01 7.351014e+00 3.812749e+00 0.000000e+00 3.838822e+00 7.044227e+00 9.013432e+00 1.215980e+01 1.125579e+01 1.197449e+01 1.509618e+01 1.658984e+01 1.862712e+01 
